[[ 0.02299469 -0.00147277 -0.00490773 ...  0.00610748 -0.00639518
   0.01999538]
 [ 0.0034838   0.00362407 -0.00172215 ... -0.00315414 -0.00396435
  -0.00306029]
 [ 0.00983753 -0.01800378 -0.01373058 ...  0.00446517  0.00578089
   0.0046865 ]
 ...
 [-0.01324173  0.00981752  0.01419976 ...  0.00143746 -0.00335658
  -0.02141381]
 [ 0.00504113  0.01709198  0.0033434  ...  0.00909813  0.00896792
   0.01182108]
 [-0.00397772  0.01343473  0.01295829 ...  0.01521427  0.00030917
   0.00055948]]
[[ 6.95901739e-01  7.69831624e-01  1.18613029e-01  4.54335708e-01
   1.38165778e+00  6.78651589e-01  6.70312965e-01  1.86023820e+00
   8.42832445e-01  9.96554220e-01]
 [ 2.37971478e-01 -1.72059766e-02  2.09217283e-01  1.14361676e+00
   2.09168862e-01 -1.75649148e-01 -1.12405325e-01  3.39357630e-01
  -8.19333759e-02  2.13495197e-01]
 [ 3.54959214e-01  2.81354263e-01  3.28459317e-01  6.93648827e-02
   7.62621926e-01  7.32020311e-01  1.54496078e-01  2.14112445e-01
   2.36243296e-01  3.19486328e-02]
 [ 4.44094197e-01  3.98957800e-01  1.56287739e-01  5.92104221e-01
   8.82179539e-01  5.59481830e-01  5.86896649e-01  5.28796483e-01
   6.81697666e-01  1.40255373e+00]
 [ 2.30558580e-01  6.70046429e-01  3.35313379e-01  2.41151588e-02
   2.10343219e-01  5.99488554e-01  2.21241286e-01  3.29821735e-01
   5.23427758e-01  1.19876439e-01]
 [ 7.95959472e-03  2.70105545e-02 -3.10025039e-02  7.49066552e-03
   8.89543627e-02  2.65345316e-02  2.39900751e-02  5.64110734e-02
   3.43477359e-02 -5.98090474e-02]
 [ 3.35906769e-01 -5.11224852e-02  3.75036692e-01 -6.34298177e-02
   1.18625413e-01  1.28094827e-01  9.08251379e-02  2.27938406e-01
   2.91956596e-01  3.69462004e-02]
 [ 1.70790659e+00  1.57725744e-01  7.39705235e-01  1.12442886e+00
   1.93007342e-01  8.43530977e-01 -1.77374515e-01  1.02288215e+00
  -1.80157880e-01 -4.81421165e-01]
 [ 6.63519840e-01  2.27864216e-01  1.20756496e-01  1.46282402e-01
   3.43877758e-01  7.67792115e-01  1.22097700e+00  3.20900905e-02
   3.50814202e-01  7.40079560e-01]
 [ 1.02606169e+00 -1.20226596e-02  3.52255521e-03  2.05120176e-01
  -1.09793686e-01  1.24081722e+00 -8.18273298e-02  9.64712320e-01
   4.90878611e-01  2.32891806e-01]
 [ 2.52325402e-02  7.49423478e-03  2.43753769e-01 -4.32538475e-02
  -3.62035579e-02  3.69551024e-01 -9.70650081e-03 -2.30454323e-02
   1.38715155e-02  4.33304189e-01]
 [ 1.62109853e+00  1.09226672e-01  7.56604906e-01  1.09555868e-01
   4.11596973e-01  5.96259373e-01  1.21708997e+00  8.92058315e-02
   6.83965727e-01 -3.55384276e-02]
 [-2.61747901e-02  3.15846910e-03  1.22710162e-02  3.98312589e-03
  -2.07128690e-02  1.87204204e-03  1.03995587e-02  1.16539841e-02
  -4.72500637e-02  1.48726727e-02]
 [-1.89678394e-02  1.13479585e-02 -8.67649830e-03  1.11003869e-02
   9.95636524e-02  8.70657396e-02  1.31749290e-02  2.98692372e-02
  -3.54620105e-03 -8.26573039e-02]
 [ 9.83256072e-01  4.28925724e-01  4.61945700e-02  5.77078850e-01
   1.37684622e+00  5.41846038e-01  9.92979154e-01  1.04902061e+00
   6.65660703e-01  9.38083968e-01]
 [ 9.68211185e-01  2.61618026e+00  1.68845197e+00  1.40081294e+00
   1.21149166e+00  9.67709035e-01  1.14431262e+00  1.32458502e+00
   1.92576484e+00  1.20958034e+00]
 [ 9.94205961e-01  7.64601218e-02  7.35012515e-01  8.71603600e-01
  -2.86210560e-01  3.43385515e-01 -3.07123904e-01  9.60849767e-01
   1.48677075e+00  8.37666527e-01]
 [ 4.03731316e-01  7.36473104e-01  2.63297924e-01  7.08622264e-01
   1.26322369e+00  9.83015514e-01  1.11155315e+00  2.18877262e-01
   4.89707966e-01  5.24941572e-01]
 [ 6.10865773e-01  1.05900187e+00  1.08598024e+00  1.50578646e+00
   6.21046973e-01  2.46373134e-01  3.03349317e-01  7.19941157e-01
   4.13420987e-02  6.00392897e-01]
 [ 9.87128093e-01  9.37568165e-01  1.82807563e+00  6.24035967e-01
   2.84696879e+00  1.35779165e+00  1.84179441e+00  1.08034222e+00
   2.22217846e+00  1.20150448e+00]
 [ 1.12227228e-02  5.58747328e-02  4.61091025e-02  6.65739242e-02
   1.63711706e-01  1.58574222e-01  2.52664918e-01  2.37863690e-01
   6.97492990e-02 -1.11112007e-05]
 [ 5.16431678e-01  5.51987878e-02  7.96854010e-01  2.56999307e-01
   1.20593186e-01  1.32940570e-01  5.92718843e-01  8.69103979e-01
   1.43529375e-01  2.60197301e-01]
 [ 4.86103455e-01  1.34132083e+00  1.27588685e+00  8.21323415e-01
   5.97533753e-01  7.55231978e-01  1.48006070e+00  6.94400802e-01
   4.37557214e-01  7.19623843e-01]
 [-8.32153074e-03  7.46559412e-04 -1.83136080e-02 -6.21069125e-03
  -2.89369982e-02  2.11776495e-02  1.40308369e-02  2.80910268e-03
   6.68984948e-03  1.47131894e-03]
 [ 5.91432064e-01  4.54359633e-01  4.46306275e-01  3.17317273e-01
   1.07636787e+00  7.29691709e-01  7.09604083e-01  1.87152429e+00
   1.37972787e-01  1.05109398e+00]
 [ 7.59280608e-01  2.46169440e+00  1.71934793e+00  1.61478171e+00
   6.83522106e-01  1.07452683e+00  2.09029523e+00  1.14150368e+00
   1.69435091e+00  1.31659767e+00]
 [ 7.16763654e-01  4.72557404e-01  4.32039679e-01  5.38386728e-01
   1.16914168e-01  7.76848377e-01 -1.18856219e-01  6.17183708e-01
   9.97582432e-01  6.44240477e-01]
 [ 3.80772141e-01  1.16987329e-01  7.42093551e-01  1.31901586e+00
   1.22389627e-01 -5.26246334e-03  1.55508756e-01  1.86467910e+00
   1.10127170e-01  1.01402815e+00]
 [ 1.23268597e+00  2.38554636e-01  1.11986788e+00 -2.56369135e-01
   6.85215434e-01  7.04699281e-01  1.59190993e+00  3.19641998e-01
   4.31144668e-01  3.85256889e-01]
 [ 8.82506630e-01  3.51435931e-03 -9.78318684e-02  1.50644654e-01
   1.69687712e-02  5.88435297e-01  4.77760021e-01  8.58345550e-01
   6.40803089e-01  2.19265192e-01]
 [ 8.90832658e-01  4.91026528e-02  1.63349152e+00  1.35850983e+00
   8.44611305e-01  3.12633955e-01  1.49879980e+00  1.84685159e-01
   6.95866276e-01  7.31640223e-01]
 [ 5.07179196e-02  1.53070377e-01 -1.29512392e-01 -6.28014539e-02
   4.81649766e-02  2.70072501e-01  2.97360125e-01 -5.13748413e-02
  -2.36339141e-01  6.15921093e-02]
 [ 4.23231600e-01  4.65840565e-01  2.48156631e-01  5.39856358e-01
   4.86399446e-01  1.77196044e+00  3.24666816e-01 -1.01186132e-02
   2.47444924e-01  3.77536999e-01]
 [ 9.43285128e-01  8.42877080e-01  1.48476236e-01  1.42818201e+00
   9.69326744e-01  1.42549033e+00  5.10183863e-01 -6.14164539e-02
   3.76973859e-01  6.52650945e-01]
 [ 4.03484717e-01  1.43420573e+00  7.22316381e-01  1.65883740e+00
   4.74689881e-01  5.70030365e-01  5.48373498e-01  1.43757953e+00
   6.17089294e-01  8.02919208e-01]
 [ 8.96565629e-01  4.97006483e-01  6.69287956e-01  1.18475604e+00
   3.84475250e-01  1.59476940e+00  5.19452080e-01 -1.99112673e-02
   1.73434860e+00  2.78428412e-01]
 [ 5.26635753e-03  2.60331633e-02 -1.99540322e-02 -4.49428175e-03
   7.98435987e-03 -8.44228900e-03  9.10019607e-03 -5.57494111e-04
  -8.68436169e-05  1.07958418e-02]
 [ 4.28168888e-01  1.74743569e-01 -3.31672985e-05  6.58638566e-03
   4.81607416e-01  2.12467672e-01  3.14018811e-01  1.04874158e-01
   2.04534863e-01 -1.42532749e-01]
 [ 1.36485259e+00  4.69667400e-01  1.54319546e-01  3.90828465e-01
   1.13271819e+00  8.87184502e-01  4.03391448e-01  1.62280055e+00
   8.80906099e-01  2.17289084e+00]
 [ 4.63728160e-01  5.70281659e-01  1.93334494e-01  8.05888728e-01
   5.15557272e-01  6.83600970e-01  5.11855950e-01  3.65462016e-02
   7.99570684e-01  1.06370861e+00]
 [ 1.22723820e+00  1.81268496e-02  1.08725061e+00  3.89769443e-01
   5.41327673e-01  5.78882110e-01  8.76339242e-01 -2.28222130e-02
   6.39521701e-02  1.64898446e-01]
 [ 7.23421441e-01  1.06441036e+00  1.99889250e+00  1.31629712e+00
   1.43552712e+00  7.71124203e-01  8.00206631e-01  8.99514905e-01
   9.95951727e-01  1.33070184e+00]
 [-1.73506039e-01  6.52712026e-01  9.41676255e-01  6.70615188e-02
  -2.54489541e-01  2.07577542e-01  3.09153308e-01  1.24965092e+00
   1.72234248e-01 -1.51740704e-01]
 [ 3.57245416e-01  2.93435863e-01  2.81862774e-01  2.05485951e-01
   6.20450074e-01  5.66528853e-01  5.21466612e-01  1.68822114e-01
   1.78284537e-01  8.64773413e-01]
 [ 1.24488439e+00 -2.47288035e-02  9.42955579e-01  7.34237440e-01
   4.87979553e-01  8.82642671e-01  3.36898880e-01  1.25529998e-01
   3.58806235e-01  4.61485490e-01]
 [ 4.00335885e-01  1.73649788e-01 -1.65674854e-01  9.70037695e-01
   5.96674202e-01  2.20235300e-01  2.82538788e-01  6.19427399e-01
   3.56793279e-01  1.16210898e+00]
 [ 6.08491471e-01  1.62590952e+00  8.18745021e-01  8.51771974e-01
   4.43759366e-01  1.54648703e+00  6.81508530e-01  9.22666805e-01
   1.19047914e+00  9.85069004e-01]
 [ 3.77196721e-03  1.39612575e-02 -6.50676667e-03 -1.01815772e-02
   5.04496397e-02  8.42915990e-02 -2.14310251e-02 -7.08804469e-03
  -1.69878037e-02  6.57190842e-02]
 [-3.16089519e-03  1.46923358e-02  9.48576645e-03  2.04686783e-03
   2.46030447e-03  1.59172113e-02 -1.72305449e-03 -1.04679727e-02
  -1.04102719e-02 -7.04698822e-03]
 [ 1.26941090e-01  1.26075279e-01  1.93887989e-01  2.71261545e-01
  -7.18031694e-02 -1.28970185e-01  1.42118067e-01  6.93363014e-01
   6.88308562e-01  4.80743455e-01]]
[[ 0.57451441  0.10095058  0.20162596  0.27869985  0.21453072  0.01564785
   0.02793196  0.35312354  0.21493329  0.15736339  0.02309219  0.17701836
   0.00311751  0.02508059  0.40222794  0.84115881  0.07478914  0.45490628
   0.4360567   0.82973825  0.11238235  0.24943072  0.6161237   0.00367394
   0.58028279  0.90371064  0.17750176  0.36139075  0.34610596  0.13338263
   0.39254293  0.02997395  0.35272669  0.40592027  0.61474958  0.30318598
  -0.01307435  0.09340991  0.37304087  0.22632374  0.22067622  0.63122198
   0.25104031  0.18292163  0.22288779  0.2045117   0.60240781  0.01608364
   0.00637186  0.07284935]]
[[-0.21730441  0.52432103  0.21582803  0.12880481  0.41837276  0.64010626
   0.25384209  0.41620602 -0.14024661  0.09493218]]
