[[-1.07970748e-02 -7.39633255e-05  1.20002732e-02 ...  1.97106899e-02
  -1.48789817e-04 -1.22853698e-02]
 [-1.69166055e-03  2.60877294e-03  3.75676365e-03 ...  3.26777910e-03
   5.59168631e-03 -1.62613036e-03]
 [ 5.55258201e-03  9.07113283e-03 -2.06314344e-03 ... -4.23057489e-04
  -3.74264238e-03  9.77479164e-03]
 ...
 [-1.49605937e-03 -9.09960008e-03 -1.62048024e-02 ... -6.93177454e-04
  -1.75170790e-02 -9.33742535e-04]
 [ 1.41485903e-02  1.03775098e-02 -1.29090346e-02 ...  2.98486518e-03
  -7.56236491e-03 -1.47541595e-02]
 [-1.28869619e-02  4.10830114e-03 -6.31782387e-03 ...  3.78225057e-03
  -8.26107551e-03  6.44065903e-04]]
[[ 1.39375976e+00  3.70122667e-02  7.20927145e-01  6.33553063e-01
   8.06555902e-01  8.16880011e-02  1.37132130e+00  4.80321561e-01
   3.72770950e-01  2.45815276e-01]
 [ 4.09003617e-01  3.73844589e-01 -4.28436979e-02  2.95005757e-01
   1.05326740e+00  4.65209199e-01  9.21192135e-01  3.41471941e-01
  -2.10887742e-01 -4.69143309e-01]
 [ 1.53198816e-01  9.77667388e-01  1.48625540e+00  7.17801493e-01
   6.90304314e-01  7.63460381e-01  8.33990418e-01  4.02214421e-01
   6.81335675e-01  4.93453846e-01]
 [ 5.68626383e-01  1.53856631e+00  8.34043138e-01  9.25398759e-01
   9.60320276e-01  6.45034628e-01  4.52408339e-01  9.13926069e-01
   1.19135507e+00  1.30220030e+00]
 [ 6.78421887e-02  6.51091950e-03  2.16937506e-01 -7.53809108e-02
  -2.68006731e-03  3.57356273e-01  4.10473542e-02  7.48057860e-01
  -4.63909101e-02  5.15651404e-02]
 [-3.90190936e-03  9.50077262e-01  1.03877486e+00  2.83526927e-01
  -6.16640278e-02  5.46461038e-01  5.89861056e-01  1.02035080e+00
   1.13448517e+00  6.92583294e-01]
 [ 9.46151571e-01  1.12102701e+00  1.91398492e+00  1.89654879e+00
   1.05916109e-01  4.43779051e-01  9.48476247e-01  3.07614342e-01
   1.49378462e+00  3.44437156e-01]
 [ 4.37136535e-01  7.28253796e-01 -3.07988113e-01  1.17657975e+00
   1.24659363e-01  9.51692844e-01  3.18083080e-01  1.10126728e+00
   3.31793828e-01  1.47941253e+00]
 [ 7.71155969e-02  2.72538141e-01 -1.86594825e-01  1.14176235e-01
   6.35688638e-02 -5.23433273e-02  8.59098165e-02  1.11902561e-01
   2.56928983e-01  5.72519305e-02]
 [ 1.21089812e+00  3.64686723e-01  1.22042427e-01  3.94245835e-02
  -2.35429876e-02  1.25168542e+00  4.00472607e-01  2.78872469e-01
  -3.75097200e-01 -5.93184766e-02]
 [ 2.32520247e-01  2.03682858e-01 -1.65957391e-01  3.42424024e-01
   2.52131072e-01  8.38789176e-01  2.97138282e-01 -1.81743630e-01
   6.93344398e-01  6.70962621e-01]
 [ 3.90394470e-01  2.04140961e+00  7.60204066e-01  1.83199312e+00
   7.47309332e-01  7.86523345e-01  7.55949923e-01  6.82713307e-01
   3.39767539e-01  5.26909420e-01]
 [ 1.63469426e-02  2.66684745e-01  6.84261171e-02 -5.94373507e-02
   1.12634921e-01  3.32774883e-01  5.47790949e-02  3.39810803e-02
  -3.15206191e-01  8.39840665e-02]
 [ 2.75050817e-01  1.53467415e-01  1.63954256e-01  7.11593794e-02
   7.94913998e-02  6.80340547e-01  4.95468283e-01  1.91608140e-02
   7.29256584e-02  1.35912317e-01]
 [-6.11003780e-02  4.91405561e-01  4.60872708e-01  1.05855257e-02
   1.42723634e-01  2.89629521e-01  3.94075760e-02  5.41717093e-01
   4.97962830e-01 -1.13012273e-01]
 [ 8.83611859e-02  1.43449388e-01  4.45634750e-02  1.12837783e-01
   3.80413407e-01  2.17266930e-01  5.44387268e-02  1.00910941e-01
  -2.73823403e-02 -2.23705178e-01]
 [ 3.50717961e-01  1.03428406e+00  2.68036848e-01  7.94060354e-01
   3.33681535e-01  1.61936196e-01  3.42225231e-01  5.33604021e-02
   4.67228374e-01  5.26534027e-01]
 [ 7.30006175e-01  5.10334091e-01  5.58156726e-01  7.90601784e-01
   1.79802252e+00  8.79480820e-01  9.64834153e-01  1.08247224e+00
   1.00691062e+00  1.39801432e+00]
 [ 1.15898119e+00  3.89187135e-01  2.33717416e-01  1.01366115e+00
   2.12764075e-01  2.04080645e+00  2.30426936e-01  1.28874310e-01
   5.75814814e-01  3.17542345e-01]
 [ 5.77877297e-01  1.30615890e+00  5.29673542e-01 -1.34121959e-01
   5.72785929e-01  6.25792746e-01  1.15732857e+00  5.67210486e-01
   1.13737510e+00  1.27171520e+00]
 [ 1.00015440e+00  5.35622768e-01  2.08780391e-02  1.13202282e+00
   1.26902985e+00  7.83465607e-01  1.02350581e-01  1.67759333e+00
   1.28057908e+00  1.88540652e+00]
 [ 1.29186534e+00  7.86605563e-02  3.52274223e-01 -2.93880111e-01
   5.17369236e-01  7.87518147e-01  2.54629929e-01  4.67272688e-02
   6.76996695e-01 -8.48487124e-02]
 [-1.38007761e-02 -5.95434961e-03  1.08427942e-02  1.73893535e-02
   1.15832048e-02 -7.87048102e-04  5.20044918e-03  1.75554451e-02
   4.27060504e-02  2.29089570e-02]
 [ 1.69122987e-01  1.62116227e-01  1.09640949e-01  1.27779423e-01
  -3.59754782e-02  2.20023527e-02  2.92594479e-02  1.33645911e-01
  -2.85150214e-03  1.92055916e-01]
 [ 4.22491823e-01  2.15928208e+00  1.42583780e+00  9.16108116e-01
   6.94214173e-01  8.26966731e-01  1.65812830e+00  1.10312743e+00
   1.33157468e+00  3.76849428e-01]
 [ 6.43081570e-02  4.14556849e-01  1.06870383e+00  1.87890433e-01
   5.68761807e-01  6.13311934e-01  3.95120493e-01  4.15639653e-01
   1.85656910e-02  1.99894044e-01]
 [-3.56111783e-02  1.55765389e-02  8.41080228e-02 -8.40036525e-02
  -1.13417909e-02  1.90906183e-01  7.85393232e-03  1.97452385e-02
  -3.93014187e-02  1.08199680e-01]
 [ 7.90376291e-01  5.54792184e-01  2.52226850e-01  4.15648768e-01
  -2.73793956e-01  4.31891336e-01 -2.08252686e-02  2.27919351e+00
   2.70380060e-01  5.82673577e-01]
 [ 1.22272998e+00  2.01480954e-01  1.40715736e+00  9.42939994e-01
   9.36141335e-01  5.51039782e-01  8.11057041e-01  1.08395129e+00
   6.93584308e-01  1.33632415e+00]
 [ 1.32469327e+00 -3.85455809e-01  5.78736611e-01  1.77497747e+00
  -2.17757422e-01  7.04737019e-01 -2.09717376e-01  8.21983249e-01
   3.66632236e-01  2.13300599e-01]
 [-3.40918421e-02  5.65278100e-02  1.46293857e-01  5.18282721e-02
   9.80593283e-03 -3.83138355e-03  1.18389604e-01  3.52081248e-01
   1.98517585e-02 -2.28004871e-01]
 [ 7.46046576e-01  2.95672644e-01  1.56807992e+00  9.91889690e-01
   5.49289152e-01  2.02147168e-01  5.90015196e-01  1.06826054e-01
  -4.04941868e-01  8.40855553e-01]
 [-6.76630161e-02  9.31586574e-02  2.78228201e-01 -1.42661347e-02
  -2.73602325e-02  2.11023328e-01  3.67305344e-02  1.01230411e-01
  -8.33103280e-02 -4.72191415e-03]
 [ 3.40535582e-01  8.75823064e-01  6.56645041e-01  1.02253741e+00
   5.12629742e-01  1.35488921e-01  1.38535924e-01  1.25728740e+00
   7.18172253e-01  8.34686828e-01]
 [ 9.50927304e-01  1.03852910e-01  4.79244939e-01 -1.19052425e-01
   2.05570972e-01  2.74556997e-01  7.96503622e-01  4.14443611e-01
   3.07600010e-01  1.40261863e-01]
 [ 4.49534634e-01  5.12217792e-02  7.89839932e-01  3.20220307e-01
   3.03231891e-01  1.33344950e-01  1.54114903e+00 -5.10125064e-02
   4.15007133e-02  3.95505703e-01]
 [ 5.41158774e-01  7.55538150e-01  1.27329029e+00  1.14986752e+00
   3.85732752e-01  8.09319937e-01 -8.71017879e-02  3.90209633e-01
   8.56230934e-01  1.62845818e-01]
 [ 1.76911173e-02 -1.81581191e-02  1.71871879e-02  1.69993501e-03
  -8.78141810e-03  5.66080516e-02 -8.56578969e-03  1.06110965e-03
  -2.86233639e-02 -3.05724625e-02]
 [ 2.58196173e-02 -4.62992001e-03  1.59993663e-02  2.62288268e-02
  -3.69113675e-03 -8.75582559e-03  2.39337005e-03 -3.01991848e-02
  -2.10969839e-02  2.63565173e-02]
 [-2.63611516e-02  9.14254074e-03 -2.21269344e-02 -9.49049361e-04
   7.28144034e-03  5.36706090e-03  1.90352251e-03  3.93933787e-02
  -1.50799565e-03 -4.14114715e-02]
 [ 4.81119787e-01  8.95268642e-01  8.91825299e-01  9.50054762e-01
   9.08694926e-01  5.93769285e-01  1.25539477e+00  6.36944119e-01
   9.82408179e-01  1.42492141e+00]
 [ 4.29224340e-01  1.23887699e+00  5.64563126e-01  6.91043018e-01
   9.42556662e-01  1.39882544e+00  7.26413347e-01  2.97856040e-01
   1.01599968e+00  3.14640052e-01]
 [ 1.01164572e+00  3.81249000e-01  1.08704796e+00  4.09399652e-01
   1.98295117e+00  1.63135048e+00  1.82728184e+00 -3.18222989e-01
   9.32381686e-01  5.41792615e-01]
 [ 5.92536975e-02  9.16116977e-02  4.19022268e-01  8.39778821e-02
   2.01515642e-01  1.90604624e-01  7.09915430e-01  1.28112315e-01
   5.28258373e-01  3.23803906e-01]
 [ 1.57767960e+00  1.45402418e-01  1.17106097e+00  3.53093225e-01
   9.84142107e-01  6.77590825e-01  4.08198350e-01  1.61545097e+00
   1.06278565e+00  3.18547545e-01]
 [ 5.26749659e-01  7.88788000e-02  9.26877333e-02  1.38107353e-01
   5.89037089e-01  8.60164171e-01  1.03862546e-01 -2.05214104e-01
   1.08259065e+00  1.32360455e-01]
 [ 1.79681262e-01 -1.02965390e-02 -1.93421014e-01  3.99954698e-01
  -1.02406616e-01 -2.92823513e-02  1.42045436e-02  1.48346599e-01
   7.35785278e-02  3.36722569e-01]
 [ 1.16733449e+00  1.32351845e-01  4.85299803e-01 -1.47284893e-01
  -1.95497416e-01  8.37229963e-01  7.63641878e-01 -5.00861292e-02
   1.38622867e+00  4.11235022e-01]
 [ 9.77706037e-01  8.22453483e-01  6.00248022e-01  8.27625445e-01
   2.18782928e+00  1.07132152e+00  1.53049678e+00  1.56007780e+00
   1.13932667e+00  2.16111187e+00]
 [ 2.78297498e-01  3.92916620e-01  8.35783535e-01  3.83877459e-01
   7.35255337e-01  4.36573748e-01  3.98605872e-01  1.57771056e+00
   1.23431224e-01  3.69083887e-01]]
[[ 2.60701553e-01  3.62403374e-01  4.71899629e-01  4.45758010e-01
   1.58334826e-01  3.07414958e-01  3.55098261e-01  3.32722884e-01
   1.62414641e-02  2.51419633e-01  5.88894356e-02  6.61124683e-01
   6.23178168e-02  1.15230533e-01  1.35379118e-01  1.19153932e-01
   1.59472434e-01  4.97341713e-01  2.83204307e-01  2.94952475e-01
   3.85863328e-01  3.07732376e-02  1.48625948e-02  3.60810300e-02
   7.20578717e-01  3.50509942e-01  2.44228992e-02  3.57479942e-01
   3.89159978e-01  1.35281100e-01  6.48978505e-02  2.39644980e-01
   5.91595009e-02  3.71990306e-01  1.35534229e-01  1.55984515e-01
   3.17402872e-01 -4.45928709e-04 -8.68494414e-03 -1.04897794e-02
   4.19067060e-01  4.68515341e-01  5.00442092e-01  1.24980651e-01
   3.73484151e-01  3.47688596e-02 -3.09296820e-02 -4.46454140e-02
   6.45328874e-01  4.58758312e-01]]
[[-0.14756576  0.41168487  0.19988134  0.1352169   0.42477469  0.60364715
   0.24268054  0.46092866 -0.16731026  0.07356801]]
