[[ 0.0056958  -0.00283626  0.01841556 ... -0.01240934  0.00314383
  -0.01094899]
 [ 0.01321293 -0.01331606 -0.00406255 ...  0.0068597  -0.01150625
   0.0033426 ]
 [-0.01576308 -0.01887134 -0.00017379 ...  0.0033607   0.00168654
  -0.00607027]
 ...
 [ 0.00328049  0.00394383 -0.00822537 ...  0.00666513 -0.0128917
  -0.00471126]
 [-0.00536481 -0.01178331 -0.00241296 ...  0.01908266  0.00018373
  -0.00895869]
 [ 0.00842442 -0.01049526  0.01292078 ... -0.00472998  0.00404351
   0.00560146]]
[[ 4.28840485e+00  2.46727338e+00  2.32299224e+00  1.93752214e+00
   2.62774067e+00  2.49044288e-01  2.70684548e+00  3.02063731e+00
   2.23532959e+00  2.34891964e+00]
 [ 3.56970070e-02  2.99898625e+00  2.09557511e+00  1.49784200e+00
   3.84622843e+00  1.04082228e-01  3.64196875e+00  3.53325285e+00
   2.75336982e+00  3.30591284e+00]
 [ 4.08654051e-01  3.19029475e+00  1.56233305e+00  1.87580080e+00
   1.01540444e+00  1.29280385e-01  6.47394222e-01  3.72720106e+00
   3.47927430e+00  4.20761187e+00]
 [ 2.46889593e+00  3.24016080e+00  2.75554150e+00  2.79827311e+00
  -6.67792263e-01  2.40655928e-01  2.70398615e+00  2.17133248e+00
   2.16877253e+00  3.18321091e+00]
 [-1.08179551e-03  3.13690416e+00  3.54173200e+00  4.75225061e+00
   2.75882871e+00  1.68609024e-01  2.69635615e+00  3.05998984e+00
   2.17921596e+00  3.09559276e+00]
 [-1.16408054e-01  3.34999556e+00  3.01406591e+00  4.02059303e+00
   2.65907515e+00  1.87466875e-01  2.24736020e+00  1.74922939e+00
   3.42198904e+00  3.09781680e+00]
 [ 2.07648409e+00  2.19873006e+00  2.57705643e+00  2.68782211e+00
   2.94211716e+00  2.36915807e-01  3.02816116e+00  2.73794608e+00
   2.51600882e+00  2.83555376e+00]
 [ 4.07279779e-01  3.34346116e+00  3.65979469e+00  3.27110381e+00
   2.44356762e+00  1.40568672e-01  3.26190722e+00  2.47720656e+00
   3.09615007e+00  2.69415955e+00]
 [-2.90737913e-01  3.21830189e+00  1.87865642e+00  4.01347810e+00
   2.24087158e+00  1.65958677e-01  3.77674673e-01  3.38649144e+00
   3.21910641e+00  3.70408296e+00]
 [ 2.52362484e+00  2.46429712e+00  2.32227653e+00  3.11745916e+00
   3.00703938e+00  1.98758458e-01  2.19684807e+00  3.06562852e+00
   2.54491803e+00  2.86242670e+00]
 [ 1.90089779e+00 -1.28604526e+00  1.08453305e+00  1.84140104e+00
   1.93707439e+00  1.47073409e+00  1.74625386e+00 -8.14740396e-01
   2.44557527e+00  2.41333208e+00]
 [ 7.88797306e-01  2.70848543e+00  2.35712862e+00  4.32595705e+00
   3.21698358e+00  1.56814448e-01  1.00994615e-01  3.73699693e+00
  -3.21500927e-01  3.60496828e+00]
 [ 8.92615169e-01  3.14331379e+00  2.79765497e+00  2.65400513e+00
   3.41275638e+00  1.33985698e-01  3.23006360e+00  2.67193997e+00
   2.96655993e+00  2.84682619e+00]
 [ 3.38996654e+00  2.77922200e+00  2.96586865e+00  2.86630140e+00
  -5.86367274e-01  3.57309874e-01 -7.40856367e-01  3.17267795e+00
   3.25652541e+00  8.16994343e-01]
 [ 3.61053895e+00  8.77126317e-01  2.38874841e+00  2.69470882e+00
   2.86133962e+00  2.45437331e-01  2.97985482e+00  2.89141504e+00
   1.30782613e+00  2.65764945e+00]
 [ 3.12244720e-02  2.98490637e+00  3.44726538e+00  2.66833804e+00
   3.82126307e+00  7.57662094e-02  3.33801003e+00  3.02852333e+00
   3.40446793e+00  3.07579678e+00]
 [ 1.73231393e+00  2.68470907e+00  2.56566684e+00  2.87262701e+00
   2.94315301e+00  1.94708733e-01  2.84815500e+00  3.10446374e+00
   2.52557260e+00  2.85481449e+00]
 [ 6.82919004e-01  3.15762232e+00  2.81064461e+00  9.55326478e-01
   3.70367475e+00  9.77512997e-02  3.15992669e+00  3.21207320e+00
   3.60963332e+00  3.05593887e+00]
 [ 1.55062306e+00  2.43151536e+00 -1.00103061e+00  2.47291034e+00
   2.64716878e+00  2.53792952e-01  2.07135265e+00  3.44630085e+00
   2.70908476e+00  2.98908516e+00]
 [ 5.53905735e-01  3.28215309e+00  3.37153658e+00  3.20332514e+00
   2.77453183e+00  1.44271179e-01  2.96282489e+00  2.83042831e+00
   3.11406183e+00  2.80860384e+00]
 [ 2.12054465e+00  2.67846622e+00  3.80738130e+00  3.55954233e+00
   3.20342934e+00  2.10155667e-01  3.05644980e-01  2.85793219e+00
   3.24248368e+00  2.95860670e+00]
 [ 1.90198302e+00  2.23104912e+00  2.69211845e+00  1.65350284e+00
   3.44708961e+00  1.48374160e-01  3.27588704e+00  3.39758515e+00
   2.93876856e+00  3.18906883e+00]
 [ 1.14104848e+00  2.83207297e+00  3.26519406e+00  3.45509436e+00
   3.09954963e+00  1.78034497e-01  2.11967206e+00  3.10065324e+00
   3.07989927e+00  2.95510784e+00]
 [ 1.84391169e+00  3.19477438e+00  3.12824783e+00  2.85635014e+00
   2.73971211e+00  1.68040912e-01  3.19337063e+00  2.55820053e+00
   2.57156529e+00  2.26815634e+00]
 [ 4.18386457e+00  2.98038676e+00  3.08709562e+00  2.81535967e+00
   2.28604014e+00  1.98840987e-01  1.28947009e+00  3.48955312e+00
   1.46929734e+00  2.59374909e+00]
 [ 2.50577037e+00  2.90373514e+00  2.31412922e+00  2.38246585e+00
   2.39221119e+00  2.78033739e-01  2.80635266e+00  3.11194204e-02
   2.48456741e+00  1.99817957e+00]
 [ 5.47728751e-01  3.19081022e+00  3.34440798e+00  2.92365995e+00
   3.27911619e+00  1.11381574e-01  3.18171388e+00  2.95161661e+00
   3.10848843e+00  2.72247838e+00]
 [-1.09794753e-01  3.47813162e+00  3.66936794e+00  3.47828542e+00
   1.65647671e+00  1.82922873e-01  3.10841397e+00  1.78439408e+00
   3.46226289e+00  6.20247740e-01]
 [ 7.69499354e-01  2.92007630e+00  1.19689344e+00  2.92723986e+00
   3.04333709e+00  1.32056315e-01  2.73165979e+00  3.48469686e+00
   3.00323002e+00  3.20745689e+00]
 [ 2.70641979e+00  2.61724604e+00  2.50391007e+00  2.81749714e+00
   2.45893714e+00  2.54828969e-01  2.13087305e+00  2.71439718e+00
   2.45166844e+00  2.58634851e+00]
 [ 2.37022247e+00  3.18623395e+00  2.77337469e+00  2.66833654e+00
   1.73065082e+00  1.48076017e-01  2.99211301e+00  3.14024271e+00
   2.78742436e+00  2.72543774e+00]
 [ 2.75457730e+00  1.71474818e+00  2.71844734e+00  2.81577180e+00
   2.96661690e+00  2.13905844e-01  3.13497605e+00  2.64900113e+00
   2.57472373e+00  2.68530623e+00]
 [ 2.97438056e+00  2.63962231e+00  3.25698215e+00  4.77205153e-01
   3.28395389e+00  1.91982489e-01  3.55675730e+00  1.99435160e+00
   2.35514141e+00  2.32283589e+00]
 [-1.87150876e-01  3.08055060e+00  7.64495315e-01  2.19290899e+00
   3.78670124e+00  1.06884688e-01  2.34413361e-01  3.88986979e+00
   3.69404983e+00  3.38087663e+00]
 [ 2.83718948e+00  1.72266654e+00  2.34503855e+00  2.30408905e+00
   3.26676191e+00  2.03232454e-01  3.08588084e+00  2.69474445e+00
   2.92167246e+00  3.00159248e+00]
 [ 8.31731088e-01  3.25366070e+00  3.91395869e+00  3.31389106e+00
   1.92292726e+00  1.54634483e-01  2.97793267e+00  2.14935304e+00
   3.40743983e+00  1.76465694e+00]
 [ 2.89590000e+00  3.20961195e-01  2.23431790e+00  2.31520103e+00
   3.09419059e+00  2.32476587e-01  2.66942304e+00  2.76138398e+00
   2.73225856e+00  2.89233807e+00]
 [-3.95498583e-02  3.35644529e+00  3.26392335e+00  2.83701353e+00
   2.99197444e+00  1.37623610e-01  3.52637993e+00  2.64022583e+00
   3.25339008e+00  3.15793011e+00]
 [ 2.67982336e+00  2.77956844e+00  2.66299133e+00  2.92340349e+00
   2.52753175e+00  2.18852036e-01  2.66029230e+00  2.64452118e+00
   2.39538354e+00  2.08599962e+00]
 [-2.59833332e-02  3.54733825e+00  3.74591521e+00  3.73025913e+00
   7.36555594e-01  1.22796357e-01  1.28796283e+00  2.67799705e+00
   2.83317660e+00  4.02356766e+00]
 [-2.92428781e-01  3.70665591e+00  3.43146444e+00  1.16477788e+00
   3.81103127e+00  1.02346522e-01  3.25360714e+00  1.24810191e+00
   3.72383911e+00  3.45529260e+00]
 [ 2.00425658e+00  3.68089589e+00  2.69505028e+00  2.41419283e+00
   8.55302423e-02  3.09952290e-01  3.08186595e+00  1.36947276e-01
   3.09608917e+00 -1.36960333e+00]
 [ 1.29297762e+00  3.11634712e+00  2.61171168e+00  2.85659887e+00
   2.71959868e+00  1.57479464e-01  2.92956060e+00  3.05839285e+00
   2.47789287e+00  2.90214396e+00]
 [ 2.75785387e+00  2.57336298e+00  2.73141201e+00  2.72431605e+00
   2.89230552e+00  1.70713775e-01  2.71976688e+00  2.95820109e+00
   2.82486541e+00  2.91448661e+00]
 [ 2.51466668e-02  3.40156918e+00  3.38259128e+00  3.12428334e+00
   3.16934771e+00  1.11899337e-01  3.47769835e+00  2.59427802e+00
   3.10730106e+00  2.74507689e+00]
 [ 4.83125788e-01  3.04580301e+00  3.18578060e+00  1.61370076e+00
   3.60456120e+00  9.71388048e-02  3.44975764e+00  3.88373746e+00
   1.61722659e+00  3.19913050e+00]
 [ 2.41414064e+00  2.52340598e+00  2.67640787e+00  2.81544905e+00
   2.80768573e+00  2.33446980e-01  2.87062425e+00  2.57358104e+00
   2.53209125e+00  2.58009372e+00]
 [ 2.96188305e+00  2.68031345e-01  2.54570772e+00  2.76312872e+00
   2.70710015e+00  2.27875667e-01  2.53746714e+00  3.07527343e+00
   2.01877684e+00  2.56176553e+00]
 [ 2.42086406e+00  3.00971208e+00  3.17026894e+00  2.31673225e+00
   3.30951623e+00  1.57452814e-01  3.36202828e+00  2.08932139e+00
   3.02386405e+00  2.30591529e+00]
 [ 1.25889296e+00  2.68908981e+00  3.43788910e+00  2.90754202e+00
   3.50013874e+00  1.38373057e-01  3.39760967e+00  2.97432933e+00
   2.86654439e+00  2.71775139e+00]]
[[ 2.00540385e-02  3.26436000e-02 -5.10817139e-01 -1.63961529e-01
   7.82987915e-02 -2.65037905e-01  1.00921639e-02  4.94723097e-04
  -3.67683198e-01 -7.74114547e-02 -3.75128474e-01  6.52873477e-03
   4.09543014e-02 -3.80919802e-01  8.15989421e-02 -4.51293177e-03
   7.11397905e-02 -5.45913946e-02 -2.97663226e-01  1.31038343e-02
  -2.83237153e-01  7.09245634e-02 -3.54243548e-02  5.35603890e-02
  -2.07318984e-02 -3.08905194e-01  6.68591174e-02 -3.07997333e-01
  -7.15924740e-02 -1.34068576e-01 -2.76583864e-02 -5.27645941e-02
   5.46216850e-02 -4.37643913e-01 -9.32319517e-02 -1.73856591e-01
  -1.51329962e-01 -8.00663526e-04 -3.57723231e-02 -4.10384141e-01
  -3.79261480e-01 -4.56414308e-01  1.03747596e-01 -1.01097298e-01
   4.38249779e-02  2.90759066e-01 -3.84247812e-02 -5.78402219e-02
  -7.41191540e-02  7.21705229e-02]]
[[1.47311997 1.46343339 0.98436448 0.90743335 0.98235175 3.44880552
  1.0758386  1.40488401 0.54863041 0.65372191]]
