[[ 0.00238645 -0.00414202  0.00355485 ...  0.00766495  0.01576644
  -0.00152191]
 [-0.01214223  0.00384461 -0.01165312 ...  0.00538873 -0.00882858
  -0.00039929]
 [-0.02349073 -0.00904957  0.00856074 ...  0.01100373 -0.01180006
   0.01036066]
 ...
 [ 0.00426073 -0.00993469 -0.01325618 ...  0.01654371 -0.01661647
  -0.0052151 ]
 [ 0.00848536  0.00471505  0.02189106 ...  0.00562137 -0.0026652
   0.01671449]
 [-0.0145464   0.00763982  0.00526049 ...  0.0013364  -0.00608392
   0.0050458 ]]
[[ 0.40323507 -0.57217908 -0.76449018 -0.46675242  0.24776822  0.69479733
  -0.51941264 -0.08511467 -0.7177075   0.10923715]
 [-0.78437474  0.77692551 -0.15927445  1.10472847 -0.64694347 -0.67801044
  -0.43126391 -0.30870459 -0.42957485 -0.34466238]
 [-0.56316706  0.44411669 -0.47100475 -0.48974933 -0.20328088 -0.25985324
   0.55303346 -0.55845787 -0.72264757 -0.40442043]
 [ 0.19308098 -0.55419658 -0.40339229 -0.53888392 -0.31161122 -0.84910176
  -0.23237614 -0.51991825 -0.42230299 -0.45588978]
 [-0.5296266  -0.17700109 -0.74704752 -0.35790304 -0.7677086  -0.13038532
  -0.5801025   0.74948997 -0.80142364 -0.30756819]
 [-0.23041916 -0.64621707  0.31552787 -0.64070299  0.83870323 -0.54776798
   0.83642701 -0.55264003  0.04813573 -0.50332618]
 [ 0.44000969  0.29452635  0.52499557  0.24242651  0.18754875  0.73019293
   0.69978267 -1.0444884   0.49658376 -0.35733854]
 [-0.28056696  0.4634881  -0.35316607  0.10101577 -0.49228083  0.34877239
  -0.46096523  0.61266478  0.17927209  0.06515875]
 [-0.35760197  0.11957976 -0.8543314  -0.52978307  0.60529348  0.18711838
  -0.46609364 -0.12748736  0.77750055  0.54117088]
 [-0.24669272  0.06215747 -0.60974675  0.32480682  0.24508092  0.65022049
   0.42085797 -0.46399004  0.65786831  0.65409542]
 [-0.49078903  0.75623025  0.70335636  0.72373366 -0.18072344  0.71913163
  -0.47804275 -0.18582431  0.39846989  0.6586175 ]
 [ 0.42336724 -0.37139147  0.52254493 -0.27508063 -0.3541187  -0.88373567
  -0.1820822  -0.30057207 -0.80967612 -0.56183351]
 [ 0.50629317 -0.39687372 -0.63372354  0.39458823  0.49523897  0.23321928
  -0.56082812  0.62496031  0.06354254  0.58231459]
 [ 0.61619307 -0.61204751 -0.55812234 -0.35585711 -0.79493886 -0.19982785
  -0.66324663 -0.30688509 -0.17798625 -0.53360919]
 [-0.14504293  0.75683507  0.72561437  0.73199834 -0.71801131 -0.21819706
   0.10866914  0.29136961  0.64986782  0.93857377]
 [-0.41584108  0.41498599  0.27610341 -0.50870719 -0.21475869 -0.36162352
   0.05267927 -0.06040415 -0.42622826 -0.36045516]
 [ 0.22085908  0.49669395  0.45194648  0.22752969  0.61440192  0.46540745
   0.38098235  0.57855064  0.28622478  0.42624837]
 [ 0.11518872 -0.24314467 -0.76878727  0.13371153 -0.34628162 -0.07801566
  -0.48317628  0.11753055 -0.77216165 -0.38975843]
 [ 0.37729219 -0.35602516  0.07115001  0.51274042  0.5481308   0.59823927
   0.52908595 -0.84945795  0.27605075  0.82713658]
 [-0.60035115 -0.6531411  -0.73876743 -0.71140887  0.36540737 -0.64924489
   0.46465721 -0.19152137 -0.57656635  0.63391277]
 [-0.32396995 -0.21390629 -0.45851016 -0.34263335 -0.53595008 -0.41009769
  -0.42548547 -0.32628767 -0.41086635 -0.24847218]
 [-0.26776036 -0.72329263 -0.72495175 -0.43809771  0.31903473 -0.59859293
  -0.60624565  0.86682243 -0.4583827   0.62592978]
 [-0.12986977 -0.49190636 -0.47156517 -0.39466779 -0.52251298 -0.5845002
  -0.56133004 -0.35980699 -0.33912911 -0.49077411]
 [-0.71166165  0.59509939  0.16933372 -0.59843633 -0.44830547  0.06667262
   0.36954048 -0.1821287   0.61517035 -0.280478  ]
 [ 0.54285053 -0.62778441 -0.77652435 -0.39816436 -0.31293756  0.0064521
  -0.06662136  0.44819329  0.21685008  0.88378156]
 [-0.24997656 -0.52544386 -0.40602123 -0.31039229 -0.25584972 -0.55134218
  -0.54193403 -0.53530482 -0.31689003 -0.41765122]
 [ 0.40152854  0.26840116  0.51117944  0.24661751 -0.58257097  0.30735885
   0.69199799  0.13699882  0.3923633  -0.47673872]
 [ 0.46712275 -0.51282419  0.39622576 -0.85576495 -0.19752554  0.06006577
   0.7505009  -0.80361558 -0.50244271 -0.41718123]
 [-0.24880913 -0.55832645 -0.59286405 -0.31581082 -0.34992033 -0.6357519
  -0.62015574 -0.46940113 -0.32731449 -0.42099454]
 [ 0.38880798 -0.74447484 -0.78940058 -0.70960909 -0.42560426 -0.67435354
  -0.60182759  0.05479506 -0.50536838 -0.60129789]
 [ 0.36311713 -0.64226603  0.44848928  0.59445683  0.59554051  0.51792448
   0.31886382  0.64691528  0.28633518  0.50600911]
 [-0.26096195 -0.02389081  0.52786661 -0.49502589 -0.15488437  0.27265465
   0.76198123 -0.69551866 -0.28234492 -0.73865309]
 [ 0.84454603 -0.24337512 -0.00799779 -0.18025845  0.24907437  1.0099668
   0.56525925  0.36327614  0.17141383  0.44722597]
 [ 0.52947081 -0.33289397  0.11412304 -0.3292157  -0.40968793  0.86830892
   0.12635124 -0.77146972 -0.27176759 -0.56594991]
 [-0.13700924 -0.20663483 -0.82879345 -0.7790393  -0.63305803  0.1947796
  -0.00871596 -0.43567821 -0.64919991 -0.53758377]
 [-0.25635616  0.09360017 -0.62340198 -0.34863892 -0.57835443 -0.42180674
  -0.66176374  0.80556091 -0.34505046  0.59443587]
 [-0.24294594  0.63252528 -0.13532892 -0.15624286  0.8001236   0.75942208
   0.46391189 -0.87408409  0.55869206  0.13611463]
 [-0.51565106  0.48269078 -0.61934648  0.3822761   0.50971983  0.67778963
   0.22683418  0.63969779  0.55012786  0.39315029]
 [ 0.24236848 -0.61220663 -0.53365278 -1.01362919  0.51505135  0.12149941
   0.26897456  0.28776453 -0.64468565  0.53921852]
 [ 0.25254137  0.05503567  0.45326524  0.46226595 -0.46075113  0.53427842
   0.644803   -0.64024586  0.53007854  0.83036627]
 [-0.62550981  0.40667395 -0.40032102  0.38248254 -0.57244951 -0.38188369
  -0.46568901 -0.34001068 -0.6978423  -0.34100409]
 [-0.19050172  0.66804951  0.19727809 -0.84781916  0.61420973  0.05712695
   0.7581483   0.50090186  0.88399412  0.18831265]
 [ 0.50620298 -0.69146703  0.568422    0.60146211  0.36637826  0.05738022
  -0.33223357  0.49669168  0.53298098  0.52641743]
 [-0.44350992 -0.29407505  0.37567671 -0.16245203  0.62785883 -0.68147482
  -0.17725885  0.76823904 -0.33920329  0.51857349]
 [ 0.29947137 -0.86764852  0.39121049  0.50484802  0.58750974  0.49320281
   0.60191667  0.30068973  0.78086224  0.56811339]
 [ 0.46598398  0.77425569  0.31987889  0.48458996 -0.99736533  0.52034433
  -0.53291787  0.6027549   0.55126546 -0.21341042]
 [ 0.17628416  0.06782904 -0.09476719 -0.51120861 -0.43276232  0.15316836
  -0.50995695 -0.73579544  0.60945971 -0.52867971]
 [-0.561888    0.72847843  0.46378984 -0.46496443 -0.62309117 -0.71165617
   0.09712277  0.14595265  0.79057735  0.70265461]
 [-0.21847481 -0.31388072 -0.67491815 -0.03979157 -0.43033112  0.31973288
   0.49399004 -0.13643102 -0.1935069  -0.35239263]
 [ 0.25694516  0.01797525  0.31992932  0.32830599  0.62146778  0.54457707
   0.60934462  0.40261904  0.49544063  0.50875761]]
[[ 0.02690306 -0.01610744 -0.0251581  -0.10126749  0.02649605  0.02439248
  -0.02854507  0.04408651 -0.08608537 -0.05074438  0.06004215 -0.06952322
  -0.00239016 -0.20739488 -0.00485953  0.04443975  0.1086252   0.00395224
  -0.01107568  0.01735112 -0.08182554  0.02607173 -0.10339298 -0.04667033
  -0.13553922 -0.1228264   0.06203924 -0.00247098 -0.10599781 -0.15371376
   0.10096305  0.06499086  0.06831483 -0.01372652 -0.0303626  -0.04009291
   0.02585517  0.18287061  0.0012934  -0.16033199 -0.01567679  0.15509746
   0.01956301  0.08757023  0.07482056  0.01681315 -0.17855243 -0.12388266
  -0.00082235  0.07296243]]
[[0.17931134 0.93503766 0.71873373 0.4288797  0.72670795 0.71836489
  0.70976314 0.82962139 0.34580779 0.50941927]]
